0.000000
0.013436
0.025761
0.036990
0.047136
0.056216
0.064242
0.071230
0.077193
0.082147
0.086106
0.089085
0.091097
0.092158
0.092282
0.091483
0.089775
0.087174
0.083694
0.079350
0.074154
0.068124
0.061271
0.053612
0.045161
0.035932
0.025940
0.015198
0.003722
-0.008473
-0.021374
-0.034966
-0.049235
-0.064165
-0.079743
-0.095954
-0.112784
-0.130218
-0.148241
-0.166839
-0.185998
-0.205703
-0.225940
-0.246694
-0.267950
-0.289695
-0.311914
-0.334591
-0.357714
-0.381267
-0.405235
-0.429605
-0.454362
-0.479491
-0.504978
-0.530808
-0.556967
-0.583441
-0.610215
-0.637274
-0.664604
-0.692191
-0.720019
-0.748075
-0.776344
-0.804812
-0.833464
-0.862286
-0.891262
-0.920379
-0.949623
-0.978978
-1.008430
-1.037965
-1.067568
-1.097225
-1.126922
-1.156643
-1.186374
-1.216101
-1.245810
-1.275485
-1.305113
-1.334679
-1.364168
-1.393566
-1.422859
-1.452031
-1.481069
-1.509958
-1.538684
-1.567231
-1.595587
-1.623735
-1.651662
-1.679353
-1.706793
-1.733969
-1.760866
-1.787468
-1.813763
-1.839734
-1.865369
-1.890651
-1.915568
-1.940103
-1.964244
-1.987975
-2.011282
-2.034150
-2.056565
-2.078512
-2.099978
-2.120946
-2.141404
-2.161336
-2.180729
-2.199567
-2.217835
-2.235521
-2.252608
-2.269084
-2.284932
-2.300139
-2.314690
-2.328570
-2.341766
-2.354263
-2.366046
-2.377100
-2.387412
-2.396967
-2.405750
-2.413746
-2.420942
-2.427323
-2.432875
-2.437582
-2.441430
-2.444406
-2.446494
-2.447680
-2.447949
-2.447288
-2.445681
-2.443114
-2.439572
-2.435042
-2.429508
-2.422957
-2.415373
-2.406742
-2.397049
-2.386281
-2.374423
-2.361460
-2.347378
-2.332162
-2.315797
-2.298270
-2.279566
-2.259670
-2.238568
-2.216245
-2.192688
-2.167880
-2.141809
-2.114459
-2.085816
-2.055865
-2.024593
-1.991984
-1.958024
-1.922698
-1.885993
-1.847893
-1.808384
-1.767452
-1.725082
-1.681260
-1.635971
-1.589201
-1.540934
-1.491158
-1.439857
-1.387016
-1.332622
-1.276660
-1.219115
-1.159973
-1.099219
-1.036839
-0.972819
-0.907143
-0.839798
-0.770769
-0.700041
-0.627600
-0.553432
-0.477522
-0.399855
-0.320418
-0.239195
-0.156172
-0.071335
0.015331
0.103841
0.194208
0.286448
0.380574
0.476602
0.574545
0.674419
0.776237
0.880015
0.985766
1.093505
1.203247
1.315006
1.428797
1.544634
1.662531
1.782504
1.904566
2.028732
2.155016
2.283434
2.413999
2.546726
2.681629
2.818723
2.958023
3.099542
3.243296
3.389299
3.537564
3.688108
3.840944
3.996087
4.153551
4.313351
4.475501
4.640015
4.806909
4.976196
5.147892
5.322010
5.498565
5.677572
5.859045
6.042998
6.229447
6.418405
6.609887
6.803907
7.000480
7.199621
7.401344
7.605663
7.812593
8.022148
8.234343
8.449193
8.666711
8.886912
9.109812
9.335423
9.563761
9.794841
10.028676
10.265281
10.504671
10.746860
10.991863
11.239694
11.490367
11.743898
12.000300
12.259588
12.521776
12.786880
13.054913
13.325890
13.599825
13.876733
14.156629
14.439526
14.725440
15.014385
15.306375
15.601425
15.899549
16.200762
16.505078
16.812512
17.123078
17.436791
17.753665
18.073715
18.396954
18.723399
19.053062
19.385959
19.722105
20.061512
20.404197
20.750173
21.099455
21.452058
21.807996
22.167283
22.529934
22.895963
23.265386
23.638215
24.014467
24.394155
24.777293
25.163897
25.553981
25.947559
26.344646
26.745256
27.149403
27.557103
27.968369
28.383217
28.801660
29.223714
29.649392
30.078709
30.511679
30.948318
31.388632
31.832610
32.280235
32.731491
33.186362
33.644830
34.106880
34.572496
35.041661
35.514358
35.990572
36.470286
36.953484
37.440149
37.930265
38.423816
38.920785
39.421156
39.924913
40.432039
40.942518
41.456334
41.973470
42.493910
43.017638
43.544637
44.074890
44.608383
45.145098
45.685018
46.228128
46.774412
47.323852
47.876433
48.432138
48.990951
49.552855
50.117835
50.685873
51.256954
51.831061
52.408178
52.988288
53.571375
54.157423
54.746416
55.338337
55.933169
56.530897
57.131504
57.734973
58.341289
58.950436
59.562395
60.177152
60.794691
61.414993
62.038045
62.663828
63.292327
63.923525
64.557406
65.193953
65.833151
66.474983
67.119433
67.766483
68.416119
69.068323
69.723080
70.380372
71.040184
71.702499
72.367301
73.034574
73.704300
74.376465
75.051051
75.728042
76.407422
77.089174
77.773283
78.459731
79.148503
79.839582
80.532952
81.228596
81.926498
82.626642
83.329011
84.033589
84.740360
85.449308
86.160415
86.873666
87.589045
88.306534
89.026118
89.747781
90.471505
91.197275
91.925074
92.654887
93.386695
94.120485
94.856238
95.593938
96.333570
97.075117
97.818562
98.563890
99.311083
100.060126
100.811002
101.563695
102.318188
103.074466
103.832511
104.592308
105.353840
106.117091
106.882044
107.648684
108.416993
109.186955
109.958555
110.731775
111.506600
112.283013
113.060998
113.840538
114.621617
115.404218
116.188326
116.973924
117.760996
118.549525
119.339495
120.130889
120.923692
121.717887
122.513458
123.310387
124.108660
124.908259
125.709169
126.511372
127.314853
128.119595
128.925582
129.732798
130.541226
131.350849
132.161653
132.973619
133.786732
134.600976
135.416333
136.232789
137.050326
137.868928
138.688579
139.509262
140.330962
141.153661
141.977344
142.801993
143.627594
144.454128
145.281581
146.109936
146.939176
147.769284
148.600246
149.432044
150.264662
151.098083
151.932292
152.767272
153.603006
154.439479
155.276673
156.114574
156.953163
157.792425
158.632344
159.472903
160.314086
161.155877
161.998259
162.841215
163.684731
164.528788
165.373371
166.218464
167.064049
167.910112
168.756635
169.603602
170.450997
171.298804
172.147005
172.995585
173.844528
174.693817
175.543435
176.393367
177.243596
178.094106
178.944880
179.795902
180.647155
181.498624
182.350292
183.202143
184.054160
184.906327
185.758628
186.611045
187.463564
188.316168
189.168839
190.021563
190.874322
191.727100
192.579882
193.432649
194.285388
195.138079
195.990709
196.843259
197.695715
198.548059
199.400275
200.252347
201.104258
201.955993
202.807534
203.658866
204.509972
205.360835
206.211440
207.061770
207.911809
208.761541
209.610948
210.460015
211.308725
212.157063
213.005011
213.852553
214.699674
215.546356
216.392583
217.238340
218.083609
218.928374
219.772619
220.616328
221.459484
222.302071
223.144073
223.985474
224.826265
225.666435
226.505976
227.344878
228.183132
229.020728
229.857657
230.693910
231.529477
232.364350
233.198518
234.031972
234.864702
235.696701
236.527957
237.358463
238.188208
239.017182
239.845378
240.672785
241.499393
242.325195
243.150179
243.974338
244.797661
245.620139
246.441763
247.262523
248.082410
248.901415
249.719529
250.536741
251.353043
252.168425
252.982878
253.796392
254.608959
255.420568
256.231211
257.040878
257.849560
258.657246
259.463929
260.269599
261.074245
261.877860
262.680433
263.481955
264.282417
265.081809
265.880122
266.677347
267.473475
268.268495
269.062399
269.855177
270.646820
271.437318
272.226663
273.014844
273.801853
274.587679
275.372315
276.155750
276.937974
277.718980
278.498756
279.277295
280.054585
280.830619
281.605387
282.378879
283.151087
283.921999
284.691609
285.459905
286.226878
286.992520
287.756821
288.519771
289.281362
290.041583
290.800426
291.557880
292.313938
293.068588
293.821823
294.573632
295.324006
296.072936
296.820413
297.566427
298.310968
299.054028
299.795597
300.535666
301.274225
302.011265
302.746776
303.480750
304.213177
304.944047
305.673351
306.401080
307.127224
307.851774
308.574722
309.296056
310.015768
310.733849
311.450289
312.165079
312.878209
313.589671
314.299454
315.007550
315.713948
316.418641
317.121618
317.822869
318.522386
319.220160
319.916180
320.610438
321.302923
321.993628
322.682542
323.369656
324.054961
324.738447
325.420105
326.099925
326.777899
327.454016
328.128268
328.800645
329.471138
330.139738
330.806434
331.471218
332.134080
332.795011
333.454002
334.111043
334.766125
335.419238
336.070374
336.719522
337.366673
338.011819
338.654949
339.296055
339.935126
340.572154
341.207129
341.840042
342.470884
343.099645
343.726315
344.350886
344.973348
345.593691
346.211907
346.827985
347.441918
348.053694
348.663305
349.270742
349.875995
350.479055
351.079912
351.678557
352.274980
352.869173
353.461126
354.050830
354.638274
355.223451
355.806350
356.386962
356.965278
357.541288
358.114983
358.686354
359.255391
359.822085
360.386427
360.948407
361.508016
362.065244
362.620082
363.172521
363.722551
364.270164
364.815349
365.358097
365.898399
366.436246
366.971628
367.504536
368.034960
368.562892
369.088321
369.611238
370.131635
370.649501
371.164828
371.677605
372.187824
372.695475
373.200549
373.703036
374.202928
374.700214
375.194886
375.686934
376.176348
376.663120
377.147239
377.628697
378.107484
378.583591
379.057009
379.527728
379.995738
380.461031
380.923597
381.383426
381.840510
382.294838
382.746402
383.195193
383.641200
384.084415
384.524827
384.962429
385.397210
385.829160
386.258272
386.684535
387.107939
387.528477
387.946137
388.360911
388.772790
389.181764
389.587823
389.990959
390.391162
390.788422
391.182731
391.574079
391.962456
392.347854
392.730262
393.109672
393.486074
393.859458
394.229816
394.597138
394.961415
395.322640
395.680825
396.035982
396.388123
396.737264
397.083416
397.426593
397.766808
398.104075
398.438406
398.769815
399.098315
399.423919
399.746641
400.066493
400.383489
400.697642
401.008966
401.317473
401.623177
401.926091
402.226228
402.523602
402.818225
403.110111
403.399274
403.685725
403.969479
404.250549
404.528948
404.804689
405.077785
405.348250
405.616097
405.881338
406.143989
406.404060
406.661566
406.916521
407.168936
407.418826
407.666203
407.911081
408.153474
408.393393
408.630853
408.865866
409.098447
409.328608
409.556362
409.781722
410.004702
410.225316
410.443575
410.659494
410.873086
411.084363
411.293340
411.500029
411.704443
411.906596
412.106501
412.304172
412.499620
412.692861
412.883906
413.072769
413.259464
413.444003
413.626399
413.806667
413.984819
414.160868
414.334828
414.506712
414.676532
414.844303
415.010038
415.173749
415.335450
415.495154
415.652874
415.808624
415.962417
416.114266
416.264184
416.412185
416.558281
416.702486
416.844813
416.985275
417.123886
417.260659
417.395607
417.528743
417.660080
417.789632
417.917412
418.043433
418.167708
418.290251
418.411074
418.530192
418.647616
418.763361
418.877440
418.989865
419.100650
419.209809
419.317354
419.423299
419.527657
419.630440
419.731664
419.831340
419.929481
420.026102
420.121215
420.214833
420.306970
420.397639
420.486853
420.574625
420.660969
420.745897
420.829424
420.911562
420.992324
421.071724
421.149774
421.226489
421.301881
421.375964
421.448750
421.520253
421.590487
421.659464
421.727197
421.793700
421.858987
421.923069
421.985962
422.047676
422.108227
422.167627
422.225889
422.283027
422.339053
422.393982
422.447826
422.500598
422.552312
422.602981
422.652618
422.701237
422.748849
422.795470
422.841112
422.885788
422.929511
422.972295
423.014153
423.055097
423.095143
423.134301
423.172587
423.210012
423.246591
423.282336
423.317260
423.351378
423.384701
423.417244
423.449019
423.480040
423.510320
423.539872
423.568710
423.596846
423.624294
423.651067
423.677178
423.702640
423.727468
423.751673
423.775269
423.798270
423.820688
423.842537
423.863830
423.884580
423.904800
423.924505
423.943706
423.962417
423.980652
423.998423
424.015744
424.032627
424.049087
424.065137
424.080789
424.096056
424.110953
424.125493
424.139687
424.153551
424.167096
424.180337
424.193285
424.205956
424.218361
424.230515
424.242429
424.254118
424.265595
424.276873
424.287964
424.298884
424.309643
424.320257
424.330737
424.341098
424.351352
424.361513
424.371594
424.381607
424.391568
424.401487
424.411380
424.421258
424.431136
424.441026
424.450941
424.460896
424.470902
424.480974
424.491124
424.501366
424.511713
424.522179
424.532775
424.543516
424.554415
424.565485
424.576740
424.588191
424.599854
424.611740
424.623864
424.636238
424.648875
424.661789
424.674994
424.688501
424.702325
424.716479
424.730975
424.745828
424.761050
424.776654
424.792654
424.809061
424.825871
424.843078
424.860678
424.878664
424.897030
424.915772
424.934882
424.954355
424.974186
424.994368
425.014896
425.035764
425.056966
425.078497
425.100351
425.122521
425.145002
425.167789
425.190876
425.214256
425.237924
425.261874
425.286101
425.310599
425.335361
425.360383
425.385658
425.411180
425.436944
425.462944
425.489175
425.515630
425.542303
425.569189
425.596283
425.623577
425.651068
425.678748
425.706612
425.734654
425.762868
425.791249
425.819791
425.848488
425.877335
425.906325
425.935452
425.964712
425.994098
426.023604
426.053224
426.082954
426.112786
426.142716
426.172738
426.202845
426.233031
426.263293
426.293622
426.324014
426.354463
426.384963
426.415508
426.446092
426.476711
426.507357
426.538025
426.568710
426.599405
426.630105
426.660804
426.691496
426.722176
426.752837
426.783474
426.814082
426.844653
426.875184
426.905667
426.936097
426.966468
426.996774
427.027010
427.057171
427.087249
427.117239
427.147136
427.176934
427.206627
427.236208
427.265674
427.295017
427.324231
427.353312
427.382253
427.411049
427.439693
427.468181
427.496505
427.524661
427.552642
427.580443
427.608059
427.635482
427.662708
427.689731
427.716545
427.743144
427.769522
427.795674
427.821593
427.847275
427.872713
427.897901
427.922834
427.947506
427.971911
427.996043
428.019897
428.043467
428.066746
428.089730
428.112413
428.134788
428.156850
428.178593
428.200011
428.221099
428.241850
428.262260
428.282322
428.302030
428.321379
428.340363
428.358976
428.377212
428.395065
428.412531
428.429602
428.446274
428.462540
428.478394
428.493832
428.508846
428.523432
428.537583
428.551294
428.564559
428.577372
428.589728
428.601620
428.613042
428.623990
428.634458
428.644438
428.653927
428.662917
428.671403
428.679380
428.686842
428.693782
428.700195
428.706075
428.711417
428.716215
428.720462
428.724154
428.727284
428.729846
428.731836
428.733246
428.734072
428.734307
428.733945
428.732982
428.731410
428.729225
428.726421
428.722991
428.718930
428.714232
428.708892
428.702904
428.696261
428.688959
428.680990
428.672350
428.663033
428.653033
428.642344
428.630961
428.618877
428.606087
428.592585
428.578365
428.563422
428.547750
428.531342
428.514194
428.496299
428.477651
428.458246
428.438076
428.417137
428.395422
428.372926
428.349643
428.325567
428.300692
428.275013
428.248524
428.221219
428.193092
428.164137
428.134349
428.103722
428.072250
428.039928
428.006749
427.972708
427.937798
427.902015
427.865353
427.827805
427.789366
427.750030
427.709792
427.668644
427.626583
427.583602
427.539695
427.494856
427.449080
427.402361
427.354693
427.306070
427.256487
427.205937
427.154415
427.101916
427.048433
426.993961
426.938493
426.882025
426.824549
426.766062
426.706556
426.646025
426.584466
426.521870
426.458233
426.393549
426.327812
426.261016
426.193156
426.124225
426.054218
425.983130
425.910953
425.837684
425.763315
425.687843
425.611269
425.533600
425.454839
425.374991
425.294061
425.212053
425.128973
425.044824
424.959613
424.873342
424.786017
424.697643
424.608224
424.517766
424.426271
424.333747
424.240196
424.145624
424.050035
423.953435
423.855827
423.757217
423.657608
423.557007
423.455417
423.352844
423.249291
423.144764
423.039267
422.932805
422.825382
422.717004
422.607675
422.497399
422.386182
422.274028
422.160941
422.046927
421.931990
421.816135
421.699366
421.581689
421.463107
421.343625
421.223249
421.101983
420.979831
420.856798
420.732890
420.608110
420.482463
420.355954
420.228588
420.100369
419.971302
419.841392
419.710643
419.579061
419.446649
419.313412
419.179356
419.044484
418.908802
418.772314
418.635025
418.496939
418.358062
418.218398
418.077951
417.936726
417.794728
417.651962
417.508433
417.364144
417.219101
417.073308
416.926771
416.779493
416.631479
416.482735
416.333264
416.183072
416.032163
415.880542
415.728214
415.575182
415.421453
415.267030
415.111918
414.956122
414.799647
414.642497
414.484678
414.326192
414.167047
414.007245
413.846792
413.685692
413.523951
413.361572
413.198560
413.034921
412.870659
412.705778
412.540283
412.374180
412.207471
412.040163
411.872260
411.703767
411.534688
411.365028
411.194791
411.023983
410.852608
410.680670
410.508175
410.335127
410.161531
409.987391
409.812713
409.637500
409.461758
409.285491
409.108703
408.931401
408.753587
408.575267
408.396447
408.217129
408.037319
407.857022
407.676242
407.494984
407.313253
407.131054
406.948390
406.765267
406.581690
406.397663
406.213190
406.028277
405.842928
405.657148
405.470942
405.284314
405.097268
404.909810
404.721945
404.533676
404.345010
404.155949
403.966499
403.776666
403.586452
403.395864
403.204905
403.013581
402.821895
402.629854
402.437461
402.244721
402.051639
401.858220
401.664468
401.470387
401.275984
401.081261
400.886225
400.690879
400.495228
400.299277
400.103031
399.906495
399.709672
399.512568
399.315188
399.117536
398.919616
398.721434
398.522994
398.324301
398.125359
397.926174
397.726749
397.527090
397.327202
397.127088
396.926754
396.726204
396.525443
396.324476
396.123307
395.921941
395.720383
395.518637
395.316708
395.114601
394.912321
394.709872
394.507258
394.304485
394.101557
393.898479
393.695256
393.491892
393.288391
393.084760
392.881001
392.677121
392.473123
392.269013
392.064794
391.860473
391.656052
391.451538
391.246935
391.042247
390.837479
390.632635
390.427722
390.222742
390.017702
389.812605
389.607456
389.402260
389.197021
388.991745
388.786436
388.581099
388.375737
388.170357
387.964963
387.759559
387.554150
387.348740
387.143335
386.937940
386.732558
386.527194
386.321854
386.116541
385.911261
385.706018
385.500817
385.295663
385.090560
384.885513
384.680527
384.475605
384.270754
384.065978
383.861281
383.656667
383.452143
383.247712
383.043379
382.839149
382.635027
382.431016
382.227122
382.023350
381.819697
381.616162
381.412744
381.209440
381.006248
380.803166
380.600193
380.397326
380.194563
379.991903
379.789343
379.586882
379.384517
379.182247
378.980069
378.777982
378.575983
378.374071
378.172243
377.970498
377.768834
377.567249
377.365740
377.164306
376.962944
376.761654
376.560432
376.359277
376.158187
375.957160
375.756194
375.555287
375.354436
375.153641
374.952899
374.752208
374.551566
374.350970
374.150421
373.949914
373.749448
373.549022
373.348632
373.148279
372.947958
372.747668
372.547408
372.347176
372.146968
371.946784
371.746622
371.546479
371.346353
371.146243
370.946146
370.746061
370.545986
370.345918
370.145855
369.945797
369.745740
369.545683
369.345623
369.145559
368.945489
368.745411
368.545323
368.345222
368.145107
367.944977
367.744828
367.544659
367.344468
367.144253
366.944012
366.743743
366.543444
366.343114
366.142749
365.942349
365.741910
365.541432
365.340912
365.140349
364.939740
364.739083
364.538376
364.337618
364.136806
363.935938
363.735013
363.534028
363.332982
363.131872
362.930697
362.729455
362.528143
362.326759
362.125302
361.923770
361.722161
361.520472
361.318702
361.116849
360.914910
360.712884
360.510769
360.308563
360.106264
359.903870
359.701379
359.498788
359.296097
359.093303
358.890403
358.687397
358.484282
358.281056
358.077717
357.874263
357.670692
357.467003
357.263192
357.059259
356.855202
356.651017
356.446704
356.242261
356.037684
355.832973
355.628126
355.423140
355.218013
355.012744
354.807331
354.601771
354.396063
354.190204
353.984193
353.778027
353.571705
353.365225
353.158585
352.951782
352.744816
352.537683
352.330381
352.122910
351.915267
351.707449
351.499456
351.291284
351.082932
350.874399
350.665681
350.456778
350.247686
350.038405
349.828932
349.619265
349.409402
349.199341
348.989081
348.778619
348.567953
348.357081
348.146002
347.934713
347.723213
347.511499
347.299569
347.087422
346.875055
346.662467
346.449656
346.236618
346.023354
345.809860
345.596135
345.382176
345.167983
344.953551
344.738881
344.523969
344.308814
344.093414
343.877767
343.661871
343.445723
343.229323
343.012667
342.795755
342.578583
342.361150
342.143455
341.925494
341.707267
341.488770
341.270003
341.050963
340.831648
340.612057
340.392186
340.172035
339.951602
339.730883
339.509878
339.288584
339.067000
338.845123
338.622951
338.400483
338.177717
337.954650
337.731280
337.507606
337.283626
337.059337
336.834738
336.609826
336.384601
336.159059
335.933198
335.707018
335.480515
335.253688
335.026535
334.799054
334.571243
334.343099
334.114622
333.885809
333.656657
333.427166
333.197332
332.967155
332.736632
332.505761
332.274540
332.042967
331.811040
331.578758
331.346118
331.113118
330.879757
330.646031
330.411940
330.177482
329.942654
329.707454
329.471881
329.235932
328.999606
328.762900
328.525813
328.288342
328.050486
327.812243
327.573610
327.334586
327.095169
326.855356
326.615150
326.374550
326.133558
325.892176
325.650404
325.408245
325.165699
324.922767
324.679452
324.435753
324.191673
323.947213
323.702374
323.457157
323.211564
322.965596
322.719254
322.472540
322.225454
321.977998
321.730174
321.481982
321.233425
320.984502
320.735217
320.485568
320.235559
319.985191
319.734464
319.483380
319.231940
318.980146
318.727999
318.475500
318.222650
317.969451
317.715904
317.462010
317.207771
316.953188
316.698262
316.442994
316.187386
315.931439
315.675154
315.418533
315.161577
314.904287
314.646665
314.388711
314.130427
313.871815
313.612875
313.353609
313.094018
312.834104
312.573868
312.313310
312.052433
311.791238
311.529725
311.267897
311.005754
310.743298
310.480531
310.217452
309.954064
309.690368
309.426366
309.162058
308.897446
308.632530
308.367314
308.101797
307.835980
307.569867
307.303456
307.036751
306.769752
306.502460
306.234877
305.967004
305.698842
305.430393
305.161657
304.892637
304.623333
304.353747
304.083880
303.813733
303.543308
303.272606
303.001628
302.730375
302.458849
302.187052
301.914983
301.642645
301.370039
301.097167
300.824029
300.550626
300.276961
300.003034
299.728846
299.454400
299.179696
298.904735
298.629519
298.354050
298.078327
297.802354
297.526130
297.249657
296.972937
296.695971
296.418760
296.141306
295.863609
295.585671
295.307493
295.029077
294.750424
294.471535
294.192411
293.913054
293.633465
293.353645
293.073596
292.793319
292.512815
292.232086
291.951132
291.669955
291.388557
291.106938
290.825100
290.543044
290.260772
289.978284
289.695583
289.412668
289.129543
288.846207
288.562663
288.278911
287.994953
287.710790
287.426423
287.141854
286.857084
286.572115
286.286946
286.001581
285.716019
285.430263
285.144314
284.858173
284.571841
284.285319
283.998609
283.711713
283.424631
283.137364
282.849915
282.562284
282.274472
281.986481
281.698313
281.409967
281.121447
280.832753
280.543885
280.254847
279.965638
279.676261
279.386716
279.097004
278.807128
278.517088
278.226886
277.936523
277.645999
277.355318
277.064479
276.773484
276.482334
276.191031
275.899576
275.607971
275.316215
275.024312
274.732262
274.440066
274.147725
273.855242
273.562617
273.269851
272.976946
272.683904
272.390725
272.097410
271.803961
271.510380
271.216667
270.922824
270.628852
270.334753
270.040527
269.746177
269.451702
269.157105
268.862387
268.567550
268.272593
267.977519
267.682330
267.387026
267.091608
266.796078
266.500437
266.204687
265.908829
265.612863
265.316792
265.020617
264.724338
264.427958
264.131477
263.834897
263.538219
263.241445
262.944575
262.647611
262.350554
262.053406
261.756167
261.458840
261.161425
260.863923
260.566337
260.268667
259.970914
259.673080
259.375167
259.077174
258.779105
258.480959
258.182739
257.884445
257.586079
257.287643
256.989136
256.690562
256.391920
256.093213
255.794441
255.495606
255.196709
254.897752
254.598735
254.299661
254.000532
253.701353
253.402127
253.102857
252.803548
252.504204
252.204829
251.905426
251.605999
251.306552
251.007088
250.707613
250.408129
250.108640
249.809151
249.509664
249.210185
248.910716
248.611261
248.311825
248.012412
247.713024
247.413666
247.114342
246.815056
246.515811
246.216611
245.917460
245.618363
245.319322
245.020341
244.721425
244.422578
244.123802
243.825103
243.526483
243.227947
242.929499
242.631141
242.332879
242.034716
241.736656
241.438703
241.140860
240.843131
240.545521
240.248032
239.950670
239.653437
239.356338
239.059376
238.762555
238.465880
238.169353
237.872980
237.576762
237.280705
236.984813
236.689089
236.393536
236.098159
235.802962
235.507949
235.213122
234.918487
234.624047
234.329806
234.035767
233.741935
233.448313
233.154905
232.861716
232.568748
232.276006
231.983493
231.691214
231.399172
231.107371
230.815815
230.524508
230.233453
229.942655
229.652117
229.361843
229.071837
228.782102
228.492644
228.203464
227.914568
227.625960
227.337642
227.049619
226.761894
226.474472
226.187357
225.900551
225.614060
225.327886
225.042034
224.756507
224.471310
224.186446
223.901919
223.617733
223.333892
223.050399
222.767259
222.484475
222.202051
221.919990
221.638298
221.356977
221.076031
220.795465
220.515282
220.235486
219.956081
219.677070
219.398457
219.120247
218.842443
218.565050
218.288069
218.011507
217.735366
217.459650
217.184364
216.909510
216.635094
216.361118
216.087586
215.814503
215.541872
215.269697
214.997983
214.726731
214.455948
214.185635
213.915798
213.646440
213.377565
213.109177
212.841279
212.573876
212.306971
212.040568
211.774671
211.509284
211.244410
210.980054
210.716220
210.452910
210.190129
209.927882
209.666170
209.405000
209.144373
208.884295
208.624769
208.365799
208.107388
207.849541
207.592262
207.335553
207.079420
206.823865
206.568894
206.314508
206.060714
205.807513
205.554911
205.302910
205.051515
204.800730
204.550558
204.301004
204.052071
203.803762
203.556083
203.309036
203.062625
202.816855
202.571729
202.327251
202.083425
201.840255
201.597744
201.355896
201.114716
200.874206
200.634372
200.395216
200.156743
199.918956
199.681859
199.445456
199.209752
198.974749
198.740451
198.506863
198.273989
198.041831
197.810394
197.579683
197.349699
197.120448
196.891934
196.664160
196.437129
196.210846
195.985315
195.760540
195.536524
195.313271
195.090785
194.869070
194.648129
194.427967
194.208588
193.989994
193.772191
193.555182
193.338970
193.123560
192.908955
192.695160
192.482177
192.270012
192.058667
191.848147
191.638455
191.429595
191.221572
191.014388
190.808049
190.602557
190.397916
190.194131
189.991205
189.789142
189.587945
189.387620
189.188169
188.989596
188.791905
188.595100
188.399186
188.204165
188.010041
187.816819
187.624502
187.433094
187.242599
187.053021
186.864363
186.676630
186.489825
186.303952
186.119015
185.935018
185.751964
185.569856
185.388688
185.208449
185.029128
184.850714
184.673196
184.496564
184.320806
184.145912
183.971871
183.798672
183.626305
183.454758
183.284021
183.114082
182.944932
182.776559
182.608952
182.442100
182.275994
182.110621
181.945971
181.782034
181.618798
181.456252
181.294387
181.133190
180.972651
180.812760
180.653505
180.494876
180.336861
180.179451
180.022634
179.866399
179.710735
179.555632
179.401079
179.247065
179.093579
178.940611
178.788149
178.636183
178.484702
178.333694
178.183151
178.033059
177.883409
177.734190
177.585390
177.437000
177.289008
177.141404
176.994176
176.847314
176.700807
176.554644
176.408814
176.263307
176.118112
175.973217
175.828613
175.684287
175.540230
175.396431
175.252878
175.109561
174.966469
174.823592
174.680918
174.538436
174.396136
174.254007
174.112038
173.970219
173.828538
173.686984
173.545548
173.404217
173.262982
173.121830
172.980753
172.839738
172.698774
172.557852
172.416960
172.276088
172.135223
171.994357
171.853478
171.712574
171.571636
171.430652
171.289612
171.148504
171.007319
170.866044
170.724670
170.583186
170.441579
170.299841
170.157960
170.015925
169.873725
169.731349
169.588788
169.446029
169.303062
169.159876
169.016461
168.872805
168.728898
168.584729
168.440287
168.295561
168.150541
168.005215
167.859573
167.713603
167.567296
167.420640
167.273625
167.126239
166.978472
166.830313
166.681751
166.532776
166.383376
166.233540
166.083259
165.932520
165.781314
165.629629
165.477454
165.324780
165.171594
165.017886
164.863645
164.708861
164.553523
164.397619
164.241139
164.084072
163.926407
163.768134
163.609242
163.449719
163.289555
163.128740
162.967261
162.805110
162.642273
162.478742
162.314505
162.149551
161.983869
161.817449
161.650279
161.482350
161.313649
161.144167
160.973892
160.802814
160.630921
160.458203
160.284650
160.110249
159.934991
159.758865
159.581860
159.403964
159.225168
159.045460
158.864829
158.683265
158.500757
158.317294
158.132865
157.947460
157.761067
157.573676
157.385275
157.195855
157.005404
156.813911
156.621366
156.427758
156.233075
156.037308
155.840445
155.642475
155.443388
155.243173
155.041818
154.839314
154.635649
154.430813
154.224794
154.017582
153.809166
153.599536
153.388679
153.176587
152.963247
152.748648
152.532781
152.315634
152.097197
151.877458
151.656407
151.434032
151.210324
150.985271
150.758863
150.531088
150.301936
150.071395
149.839456
149.606108
149.371339
149.135138
148.897495
148.658400
148.417840
148.175806
147.932286
147.687270
147.440747
147.192706
146.943136
146.692027
146.439367
146.185146
145.929353
145.671977
145.413007
145.152433
144.890243
144.626427
144.360974
144.093873
143.825114
143.554685
143.282575
143.008775
142.733272
142.456057
142.177117
141.896444
141.614025
141.329850
141.043908
140.756189
140.466680
140.175373
139.882255
139.587315
139.290545
138.991931
138.691464
138.389132
138.084925
137.778834
137.470864
137.161030
136.849345
136.535821
136.220474
135.903316
135.584360
135.263621
134.941111
134.616845
134.290836
133.963097
133.633642
133.302485
132.969638
132.635116
132.298932
131.961099
131.621631
131.280542
130.937845
130.593553
130.247680
129.900240
129.551247
129.200712
128.848651
128.495077
128.140003
127.783442
127.425409
127.065916
126.704978
126.342607
125.978818
125.613624
125.247038
124.879073
124.509745
124.139065
123.767047
123.393705
123.019053
122.643104
122.265871
121.887369
121.507610
121.126607
120.744376
120.360928
119.976278
119.590440
119.203425
118.815249
118.425925
118.035466
117.643885
117.251197
116.857415
116.462551
116.066621
115.669637
115.271613
114.872562
114.472498
114.071434
113.669384
113.266362
112.862380
112.457453
112.051594
111.644816
111.237134
110.828560
110.419108
110.008791
109.597624
109.185619
108.772790
108.359151
107.944715
107.529496
107.113507
106.696762
106.279274
105.861057
105.442124
105.022488
104.602164
104.181165
103.759504
103.337196
102.914252
102.490687
102.066515
101.641749
101.216402
100.790488
100.364021
99.937013
99.509479
99.081433
98.652886
98.223854
97.794350
97.364386
96.933977
96.503137
96.071878
95.640214
95.208159
94.775726
94.342929
93.909781
93.476296
93.042488
92.608369
92.173953
91.739255
91.304286
90.869062
90.433595
89.997899
89.561987
89.125874
88.689572
88.253095
87.816456
87.379670
86.942749
86.505707
86.068558
85.631315
85.193991
84.756601
84.319157
83.881674
83.444164
83.006641
82.569120
82.131612
81.694133
81.256694
80.819311
80.381996
79.944762
79.507624
79.070595
78.633689
78.196918
77.760297
77.323839
76.887557
76.451465
76.015577
75.579906
75.144465
74.709269
74.274330
73.839662
73.405279
72.971194
72.537421
72.103973
71.670864
71.238107
70.805715
70.373703
69.942084
69.510871
69.080078
68.649718
68.219806
67.790353
67.361375
66.932883
66.504893
66.077417
65.650470
65.224063
64.798212
64.372929
63.948229
63.524124
63.100628
62.677754
62.255517
61.833930
61.413005
60.992757
60.573200
60.154346
59.736209
59.318804
58.902142
58.486238
58.071106
57.656758
57.243209
56.830472
56.418560
56.007487
55.597266
55.187911
54.779436
54.371854
53.965178
53.559423
53.154600
52.750725
52.347811
51.945870
51.544918
51.144966
50.746029
50.348120
49.951253
49.555441
49.160698
48.767037
48.374471
47.983016
47.592682
47.203486
46.815439
46.428555
46.042848
45.658332
45.275019
44.892924
44.512060
44.132441
43.754079
43.376989
43.001184
42.626677
42.253483
41.881614
41.511084
41.141907
40.774096
40.407665
40.042627
39.678995
39.316784
38.956006
38.596676
38.238806
37.882411
37.527504
37.174097
36.822206
36.471843
36.123022
35.775756
35.430060
35.085945
34.743427
34.402518
34.063232
33.725583
33.389582
33.055234
32.722535
32.391484
32.062077
31.734313
31.408189
31.083703
30.760853
30.439635
30.120048
29.802089
29.485757
29.171047
28.857959
28.546490
28.236637
27.928398
27.621771
27.316754
27.013343
26.711537
26.411332
26.112728
25.815721
25.520310
25.226490
24.934262
24.643621
24.354566
24.067094
23.781202
23.496890
23.214153
22.932990
22.653398
22.375376
22.098919
21.824028
21.550697
21.278927
21.008713
20.740055
20.472948
20.207392
19.943383
19.680919
19.419999
19.160618
18.902776
18.646470
18.391696
18.138454
17.886741
17.636554
17.387890
17.140748
16.895126
16.651020
16.408428
16.167348
15.927778
15.689715
15.453158
15.218102
14.984547
14.752489
14.521927
14.292858
14.065280
13.839190
13.614585
13.391465
13.169825
12.949664
12.730980
12.513769
12.298030
12.083761
11.870958
11.659620
11.449744
11.241328
11.034370
10.828866
10.624815
10.422214
10.221062
10.021354
9.823090
9.626267
9.430882
9.236933
9.044418
8.853335
8.663680
8.475451
8.288647
8.103265
7.919302
7.736757
7.555625
7.375907
7.197598
7.020697
6.845201
6.671107
6.498415
6.327120
6.157221
5.988715
5.821601
5.655875
5.491535
5.328579
5.167004
5.006809
4.847990
4.690546
4.534473
4.379770
4.226435
4.074464
3.923856
3.774608
3.626717
3.480182
3.335000
3.191169
3.048686
2.907548
2.767754
2.629302
2.492188
2.356410
2.221967
2.088855
1.957072
1.826616
1.697485
1.569676
1.443186
1.318014
1.194157
1.071613
0.950379
0.830452
0.711832
0.594514
0.478497
0.363779
0.250357
0.138228
0.027391
-0.082158
-0.190420
-0.297398
-0.403094
-0.507510
-0.610650
-0.712515
-0.813107
-0.912430
-1.010485
-1.107275
-1.202802
-1.297069
-1.390077
-1.481830
-1.572330
-1.661579
-1.749579
-1.836333
-1.921843
-2.006112
-2.089141
-2.170934
-2.251493
-2.330820
-2.408917
-2.485787
-2.561432
-2.635854
-2.709057
-2.781042
-2.851811
-2.921368
-2.989714
-3.056851
-3.122783
-3.187512
-3.251039
-3.313368
-3.374500
-3.434438
-3.493185
-3.550742
-3.607113
-3.662299
-3.716303
-3.769127
-3.820774
-3.871246
-3.920545
-3.968674
-4.015635
-4.061431
-4.106064
-4.149535
-4.191849
-4.233006
-4.273010
-4.311863
-4.349566
-4.386123
-4.421536
-4.455808
-4.488939
-4.520934
-4.551794
-4.581522
-4.610120
-4.637591
-4.663936
-4.689159
-4.713261
-4.736245
-4.758114
-4.778869
-4.798513
-4.817049
-4.834479
-4.850804
-4.866029
-4.880154
-4.893183
-4.905117
-4.915960
-4.925712
-4.934378
-4.941959
-4.948458
-4.953876
-4.958217
-4.961482
-4.963675
-4.964797
-4.964850
-4.963838
-4.961763
-4.958626
-4.954431
-4.949179
-4.942874
-4.935517
-4.927110
-4.917657
-4.907160
-4.895620
-4.883040
-4.869424
-4.854772
-4.839088
-4.822376
-4.804641
-4.785890
-4.766129
-4.745361
-4.723595
-4.700834
-4.677085
-4.652354
-4.626645
-4.599965
-4.572320
-4.543715
-4.514156
-4.483648
-4.452197
-4.419809
-4.386489
-4.352243
-4.317077
-4.280997
-4.244008
-4.206115
-4.167325
-4.127644
-4.087076
-4.045627
-4.003303
-3.960111
-3.916055
-3.871141
-3.825374
-3.778762
-3.731308
-3.683019
-3.633901
-3.583959
-3.533199
-3.481626
-3.429246
-3.376066
-3.322089
-3.267323
-3.211773
-3.155444
-3.098343
-3.040474
-2.981844
-2.922458
-2.862322
-2.801442
-2.739823
-2.677470
-2.614390
-2.550589
-2.486071
-2.420843
-2.354910
-2.288278
-2.220952
-2.152939
-2.084244
-2.014872
-1.944830
-1.874122
-1.802755
-1.730734
-1.658066
-1.584754
-1.510806
-1.436227
-1.361023
-1.285199
-1.208761
-1.131714
-1.054065
-0.975818
-0.896981
-0.817557
-0.737554
-0.656976
-0.575830
-0.494120
-0.411853
-0.329035
-0.245670
-0.161765
-0.077325
0.007643
0.093135
0.179145
0.265667
0.352695
0.440223
0.528247
0.616760
0.705756
0.795231
0.885178
0.975591
1.066466
1.157796
1.249575
1.341798
1.434460
1.527554
1.621076
1.715018
1.809376
1.904144
1.999317
2.094888
2.190852
2.287203
2.383936
2.481044
2.578523
2.676367
2.774569
2.873125
2.972028
3.071274
3.170855
3.270767
3.371004
3.471560
3.572430
3.673607
3.775087
3.876863
3.978930
4.081283
4.183915
4.286821
4.389995
4.493431
4.597125
4.701069
4.805259
4.909689
5.014354
5.119246
5.224362
5.329694
5.435239
5.540989
5.646939
5.753083
5.859417
5.965934
6.072628
6.179494
6.286526
6.393718
6.501066
6.608562
6.716202
6.823980
6.931890
7.039926
7.148083
7.256356
7.364737
7.473223
7.581806
7.690482
7.799245
7.908089
8.017008
8.125997
8.235050
8.344162
8.453326
8.562538
8.671791
8.781079
8.890398
8.999741
9.109103
9.218477
9.327860
9.437243
9.546623
9.655994
9.765349
9.874683
9.983990
10.093266
10.202503
10.311696
10.420841
10.529930
10.638959
10.747921
10.856811
10.965624
11.074353
11.182994
11.291540
11.399985
11.508324
11.616552
11.724662
11.832650
11.940508
12.048233
12.155817
12.263256
12.370543
12.477673
12.584640
12.691440
12.798065
12.904510
13.010770
13.116839
13.222711
13.328381
13.433843
13.539091
13.644119
13.748923
13.853496
13.957832
14.061927
14.165773
14.269366
14.372701
14.475770
14.578569
14.681092
14.783333
14.885286
14.986947
15.088308
15.189366
15.290113
15.390544
15.490654
15.590437
15.689887
15.788999
15.887766
15.986184
16.084246
16.181947
16.279281
16.376243
16.472826
16.569026
16.664836
16.760251
16.855265
16.949873
17.044069
17.137846
17.231201
17.324126
17.416616
17.508665
17.600269
17.691421
17.782121
17.872372
17.962178
18.051540
18.140463
18.228948
18.317000
18.404620
18.491813
18.578580
18.664926
18.750852
18.836362
18.921460
19.006147
19.090427
19.174302
19.257777
19.340854
19.423535
19.505824
19.587724
19.669237
19.750368
19.831118
19.911490
19.991489
20.071116
20.150375
20.229268
20.307799
20.385970
20.463786
20.541247
20.618359
20.695123
20.771542
20.847620
20.923359
20.998763
21.073834
21.148576
21.222991
21.297083
21.370853
21.444307
21.517445
21.590272
21.662791
21.735003
21.806913
21.878523
21.949837
22.020857
22.091585
22.162027
22.232183
22.302057
22.371653
22.440973
22.510020
22.578796
22.647307
22.715553
22.783538
22.851265
22.918737
22.985958
23.052929
23.119654
23.186136
23.252379
23.318384
23.384155
23.449694
23.515006
23.580093
23.644957
23.709602
23.774031
23.838247
23.902253
23.966051
24.029645
24.093038
24.156233
24.219232
24.282039
24.344657
24.407088
24.469336
24.531403
24.593293
24.655009
24.716553
24.777929
24.839139
24.900187
24.961075
25.021807
25.082385
25.142813
25.203093
25.263228
25.323222
25.383077
25.442797
25.502384
25.561841
25.621172
25.680379
25.739465
25.798433
25.857287
25.916029
25.974662
26.033189
26.091614
26.149939
26.208166
26.266300
26.324343
26.382299
26.440169
26.497957
26.555666
26.613300
26.670860
26.728350
26.785774
26.843133
26.900431
26.957672
27.014857
27.071990
27.129074
27.186111
27.243106
27.300060
27.356978
27.413861
27.470712
27.527536
27.584334
27.641110
27.697867
27.754608
27.811335
27.868052
27.924761
27.981466
28.038170
28.094875
28.151585
28.208302
28.265030
28.321772
28.378530
28.435308
28.492108
28.548933
28.605787
28.662673
28.719592
28.776550
28.833547
28.890588
28.947675
29.004812
29.062001
29.119245
29.176548
29.233912
29.291340
29.348835
29.406400
29.464039
29.521754
29.579548
29.637424
29.695386
29.753435
29.811576
29.869810
29.928142
29.986574
30.045109
30.103750
30.162499
30.221361
30.280338
30.339433
30.398648
30.457988
30.517455
30.577051
30.636780
30.696645
30.756649
30.816795
30.877086
30.937524
30.998113
31.058856
31.119756
31.180815
31.242037
31.303425
31.364981
31.426709
31.488612
31.550692
31.612953
31.675398
31.738029
31.800849
31.863863
31.927071
31.990478
32.054087
32.117900
32.181921
32.246152
32.310596
32.375257
32.440138
32.505240
32.570568
32.636125
32.701912
32.767934
32.834194
32.900693
32.967436
33.034425
33.101663
33.169154
33.236899
33.304903
33.373168
33.441697
33.510494
33.579560
33.648899
33.718515
33.788410
33.858586
33.929048
33.999798
34.070838
34.142173
34.213804
34.285736
34.357970
34.430511
34.503360
34.576521
34.649997
34.723791
34.797906
34.872344
34.947109
35.022201
35.097616
35.173354
35.249410
35.325784
35.402472
35.479472
35.556782
35.634399
35.712321
35.790546
35.869071
35.947893
36.027012
36.106423
36.186125
36.266115
36.346391
36.426950
36.507791
36.588910
36.670305
36.751975
36.833916
36.916126
36.998603
37.081344
37.164347
37.247610
37.331130
37.414904
37.498932
37.583209
37.667734
37.752504
37.837517
37.922770
38.008262
38.093989
38.179949
38.266141
38.352561
38.439207
38.526077
38.613168
38.700478
38.788005
38.875746
38.963699
39.051861
39.140231
39.228805
39.317581
39.406557
39.495730
39.585099
39.674660
39.764412
39.854351
39.944477
40.034785
40.125274
40.215941
40.306785
40.397802
40.488990
40.580347
40.671870
40.763558
40.855407
40.947415
41.039580
41.131900
41.224372
41.316993
41.409762
41.502676
41.595732
41.688929
41.782263
41.875733
41.969335
42.063068
42.156930
42.250917
42.345028
42.439259
42.533610
42.628076
42.722657
42.817349
42.912150
43.007058
43.102070
43.197184
43.292398
43.387708
43.483114
43.578612
43.674200
43.769875
43.865636
43.961479
44.057403
44.153405
44.249483
44.345634
44.441856
44.538146
44.634503
44.730923
44.827404
44.923945
45.020542
45.117193
45.213896
45.310648
45.407447
45.504291
45.601177
45.698103
45.795067
45.892065
45.989096
46.086158
46.183247
46.280362
46.377500
46.474658
46.571835
46.669028
46.766234
46.863452
46.960678
47.057911
47.155148
47.252386
47.349624
47.446858
47.544087
47.641308
47.738519
47.835717
47.932899
48.030065
48.127210
48.224333
48.321432
48.418503
48.515545
48.612555
48.709531
48.806470
48.903371
49.000230
49.097045
49.193814
49.290534
49.387204
49.483820
49.580380
49.676883
49.773325
49.869704
49.966017
50.062263
50.158439
50.254543
50.350572
50.446523
50.542395
50.638185
50.733891
50.829510
50.925039
51.020477
51.115822
51.211069
51.306219
51.401267
51.496211
51.591050
51.685780
51.780400
51.874907
51.969298
52.063571
52.157725
52.251755
52.345661
52.439439
52.533088
52.626604
52.719986
52.813231
52.906336
52.999300
53.092120
53.184793
53.277318
53.369691
53.461911
53.553974
53.645879
53.737623
53.829204
53.920620
54.011867
54.102944
54.193849
54.284578
54.375130
54.465501
54.555691
54.645695
54.735513
54.825141
54.914578
55.003820
55.092865
55.181711
55.270356
55.358797
55.447032
55.535059
55.622874
55.710476
55.797862
55.885030
55.971978
56.058702
56.145202
56.231473
56.317515
56.403324
56.488898
56.574235
56.659332
56.744188
56.828799
56.913163
56.997277
57.081141
57.164750
57.248103
57.331197
57.414030
57.496600
57.578903
57.660939
57.742703
57.824195
57.905411
57.986349
58.067007
58.147382
58.227473
58.307276
58.386789
58.466010
58.544936
58.623565
58.701896
58.779928
58.857659
58.935088
59.012216
59.089040
59.165560
59.241774
59.317683
59.393285
59.468578
59.543563
59.618238
59.692602
59.766654
59.840393
59.913819
59.986930
60.059725
60.132204
60.204366
60.276209
60.347733
60.418936
60.489818
60.560378
60.630615
60.700528
60.770115
60.839377
60.908312
60.976919
61.045197
61.113145
61.180762
61.248048
61.315001
61.381621
61.447906
61.513855
61.579468
61.644744
61.709682
61.774280
61.838538
61.902455
61.966029
62.029261
62.092149
62.154691
62.216888
62.278738
62.340240
62.401394
62.462198
62.522651
62.582752
62.642501
62.701897
62.760938
62.819624
62.877953
62.935926
62.993540
63.050794
63.107689
63.164223
63.220394
63.276203
63.331648
63.386728
63.441442
63.495790
63.549769
63.603380
63.656622
63.709493
63.761992
63.814120
63.865873
63.917253
63.968257
64.018885
64.069136
64.119008
64.168502
64.217615
64.266348
64.314699
64.362667
64.410251
64.457450
64.504264
64.550691
64.596730
64.642381
64.687643
64.732514
64.776993
64.821081
64.864775
64.908075
64.950979
64.993488
65.035599
65.077313
65.118627
65.159542
65.200056
65.240168
65.279877
65.319183
65.358084
65.396579
65.434668
65.472349
65.509622
65.546485
65.582939
65.618981
65.654610
65.689827
65.724629
65.759017
65.792988
65.826542
65.859679
65.892396
65.924694
65.956571
65.988027
66.019060
66.049669
66.079853
66.109612
66.138945
66.167851
66.196328
66.224375
66.251993
66.279179
66.305933
66.332255
66.358142
66.383594
66.408610
66.433190
66.457331
66.481034
66.504297
66.527120
66.549501
66.571439
66.592934
66.613985
66.634590
66.654749
66.674460
66.693724
66.712538
66.730902
66.748815
66.766276
66.783284
66.799838
66.815937
66.831580
66.846767
66.861496
66.875766
66.889577
66.902927
66.915816
66.928242
66.940205
66.951704
66.962737
66.973304
66.983404
66.993036
67.002198
67.010891
67.019113
67.026862
67.034139
67.040942
67.047271
67.053124
67.058500
67.063398
67.067818
67.071758
67.075218
67.078197
67.080693
67.082706
67.084235
67.085278
67.085836
67.085906
67.085488
67.084582
67.083185
67.081298
67.078919
67.076047
67.072681
67.068821
67.064465
67.059613
67.054263
67.048414
67.042066
67.035218
67.027869
67.020017
67.011663
67.002804
66.993440
66.983570
66.973193
66.962308
66.950914
66.939011
66.926596
66.913670
66.900232
66.886279
66.871812
66.856830
66.841331
66.825315
66.808781
66.791727
66.774153
66.756058
66.737441
66.718300
66.698636
66.678446
66.657731
66.636489
66.614719
66.592420
66.569592
66.546233
66.522342
66.497919
66.472962
66.447471
66.421444
66.394881
66.367781
66.340143
66.311965
66.283247
66.253989
66.224188
66.193844
66.162956
66.131524
66.099545
66.067022
66.033957
66.000352
65.966210
65.931534
65.896326
65.860588
65.824325
65.787537
65.750228
65.712400
65.674056
65.635198
65.595830
65.555953
65.515570
65.474685
65.433299
65.391415
65.349036
65.306164
65.262802
65.218953
65.174619
65.129802
65.084506
65.038733
64.992486
64.945767
64.898579
64.850924
64.802805
64.754225
64.705186
64.655691
64.605742
64.555342
64.504495
64.453201
64.401465
64.349287
64.296673
64.243622
64.190139
64.136227
64.081886
64.027121
63.971934
63.916327
63.860303
63.803864
63.747014
63.689755
63.632089
63.574019
63.515548
63.456678
63.397411
63.337752
63.277701
63.217262
63.156438
63.095230
63.033642
62.971676
62.909335
62.846621
62.783537
62.720085
62.656269
62.592091
62.527553
62.462658
62.397408
62.331807
62.265857
62.199560
62.132919
62.065936
61.998615
61.930958
61.862968
61.794646
61.725996
61.657020
61.587722
61.518103
61.448165
61.377913
61.307348
61.236473
61.165291
61.093803
61.022014
60.949925
60.877539
60.804858
60.731886
60.658625
60.585077
60.511245
60.437131
60.362739
60.288071
60.213129
60.137917
60.062436
59.986689
59.910679
59.834409
59.757881
59.681098
59.604062
59.526776
59.449242
59.371464
59.293443
59.215183
59.136686
59.057954
58.978991
58.899799
58.820379
58.740736
58.660872
58.580789
58.500490
58.419977
58.339253
58.258321
58.177184
58.095843
58.014302
57.932562
57.850628
57.768501
57.686184
57.603679
57.520990
57.438118
57.355067
57.271839
57.188436
57.104862
57.021118
56.937208
56.853134
56.768899
56.684505
56.599954
56.515251
56.430396
56.345393
56.260244
56.174952
56.089520
56.003950
55.918244
55.832406
55.746438
55.660343
55.574122
55.487780
55.401317
55.314738
55.228044
55.141239
55.054324
54.967303
54.880178
54.792952
54.705627
54.618205
54.530690
54.443085
54.355390
54.267611
54.179748
54.091805
54.003783
53.915687
53.827518
53.739278
53.650972
53.562600
53.474167
53.385674
53.297123
53.208519
53.119862
53.031156
52.942404
52.853608
52.764771
52.675894
52.586982
52.498036
52.409059
52.320054
52.231023
52.141969
52.052895
51.963803
51.874695
51.785575
51.696445
51.607307
51.518165
51.429020
51.339876
51.250734
51.161599
51.072471
50.983355
50.894251
50.805164
50.716096
50.627048
50.538025
50.449028
50.360060
50.271124
50.182222
50.093357
50.004532
49.915748
49.827010
49.738319
49.649677
49.561089
49.472555
49.384079
49.295664
49.207312
49.119025
49.030806
48.942659
48.854584
48.766586
48.678667
48.590828
48.503074
48.415406
48.327827
48.240340
48.152947
48.065651
47.978454
47.891360
47.804370
47.717488
47.630716
47.544056
47.457512
47.371085
47.284778
47.198595
47.112537
47.026608
46.940809
46.855144
46.769614
46.684222
46.598968
46.513850
46.428871
46.344028
46.259324
46.174756
46.090327
46.006035
45.921881
45.837865
45.753986
45.670245
45.586642
45.503177
45.419850
45.336661
45.253610
45.170697
45.087922
45.005286
44.922787
44.840427
44.758205
44.676121
44.594176
44.512368
44.430700
44.349170
44.267778
44.186525
44.105410
44.024435
43.943597
43.862899
43.782339
43.701918
43.621636
43.541492
43.461488
43.381622
43.301896
43.222308
43.142860
43.063551
42.984380
42.905349
42.826458
42.747705
42.669092
42.590618
42.512283
42.434088
42.356033
42.278116
42.200340
42.122703
42.045205
41.967848
41.890629
41.813551
41.736613
41.659814
41.583155
41.506636
41.430257
41.354018
41.277919
41.201960
41.126141
41.050462
40.974923
40.899525
40.824267
40.749149
40.674172
40.599334
40.524638
40.450081
40.375666
40.301390
40.227256
40.153262
40.079408
40.005696
39.932124
39.858692
39.785402
39.712253
39.639244
39.566376
39.493649
39.421064
39.348619
39.276315
39.204153
39.132132
39.060252
38.988513
38.916915
38.845459
38.774144
38.702971
38.631939
38.561048
38.490299
38.419692
38.349226
38.278902
38.208720
38.138679
38.068780
37.999023
37.929407
37.859934
37.790603
37.721413
37.652366
37.583460
37.514697
37.446075
37.377596
37.309260
37.241065
37.173013
37.105103
37.037335
36.969710
36.902227
36.834887
36.767689
36.700634
36.633721
36.566951
36.500324
36.433839
36.367497
36.301298
36.235242
36.169329
36.103558
36.037931
35.972447
35.907105
35.841907
35.776852
35.711940
35.647171
35.582546
35.518063
35.453724
35.389529
35.325477
35.261568
35.197803
35.134181
35.070703
35.007368
34.944177
34.881130
34.818227
34.755467
34.692851
34.630379
34.568050
34.505866
34.443826
34.381929
34.320177
34.258569
34.197105
34.135785
34.074609
34.013577
33.952690
33.891947
33.831348
33.770894
33.710584
33.650419
33.590398
33.530522
33.470791
33.411204
33.351761
33.292464
33.233311
33.174303
33.115440
33.056721
32.998148
32.939719
32.881436
32.823297
32.765304
32.707456
32.649753
32.592195
32.534782
32.477515
32.420393
32.363416
32.306585
32.249899
32.193358
32.136963
32.080714
32.024610
31.968652
31.912840
31.857173
31.801652
31.746277
31.691047
31.635964
31.581026
31.526234
31.471589
31.417089
31.362736
31.308528
31.254467
31.200552
31.146783
31.093160
31.039684
30.986354
30.933170
30.880133
30.827242
30.774498
30.721901
30.669450
30.617145
30.564987
30.512976
30.461112
30.409395
30.357824
30.306400
30.255123
30.203993
30.153010
30.102174
30.051485
30.000944
29.950549
29.900302
29.850201
29.800248
29.750443
29.700784
29.651273
29.601910
29.552694
29.503625
29.454704
29.405931
29.357305
29.308827
29.260497
29.212314
29.164279
29.116391
29.068649
29.021054
28.973604
28.926299
28.879139
28.832123
28.785250
28.738521
28.691935
28.645490
28.599187
28.553026
28.507005
28.461125
28.415384
28.369782
28.324320
28.278995
28.233809
28.188759
28.143847
28.099071
28.054431
28.009926
27.965556
27.921320
27.877218
27.833250
27.789415
27.745712
27.702141
27.658702
27.615393
27.572216
27.529168
27.486249
27.443460
27.400799
27.358267
27.315862
27.273584
27.231433
27.189407
27.147508
27.105734
27.064084
27.022558
26.981157
26.939878
26.898722
26.857689
26.816777
26.775986
26.735317
26.694767
26.654337
26.614027
26.573836
26.533762
26.493807
26.453969
26.414248
26.374644
26.335155
26.295782
26.256523
26.217380
26.178350
26.139433
26.100630
26.061939
26.023360
25.984893
25.946537
25.908291
25.870156
25.832130
25.794213
25.756405
25.718704
25.681112
25.643627
25.606248
25.568976
25.531809
25.494748
25.457791
25.420938
25.384190
25.347544
25.311002
25.274561
25.238223
25.201985
25.165849
25.129813
25.093877
25.058040
25.022302
24.986663
24.951121
24.915677
24.880330
24.845080
24.809925
24.774866
24.739902
24.705032
24.670256
24.635574
24.600985
24.566489
24.532084
24.497772
24.463550
24.429419
24.395378
24.361427
24.327565
24.293792
24.260106
24.226509
24.192999
24.159575
24.126238
24.092987
24.059821
24.026739
23.993742
23.960829
23.927999
23.895252
23.862587
23.830004
23.797503
23.765082
23.732742
23.700482
23.668301
23.636200
23.604176
23.572231
23.540363
23.508572
23.476858
23.445220
23.413657
23.382170
23.350756
23.319418
23.288152
23.256960
23.225840
23.194793
23.163817
23.132913
23.102079
23.071315
23.040621
23.009996
22.979440
22.948952
22.918532
22.888180
22.857894
22.827674
22.797520
22.767432
22.737408
22.707449
22.677554
22.647722
22.617953
22.588246
22.558602
22.529018
22.499496
22.470034
22.440633
22.411290
22.382007
22.352782
22.323616
22.294506
22.265454
22.236459
22.207519
22.178636
22.149807
22.121033
22.092313
22.063647
22.035034
22.006474
21.977965
21.949509
21.921104
21.892750
21.864445
21.836191
21.807986
21.779830
21.751722
21.723662
21.695649
21.667683
21.639763
21.611890
21.584061
21.556278
21.528539
21.500844
21.473193
21.445584
21.418018
21.390494
21.363011
21.335570
21.308169
21.280808
21.253486
21.226204
21.198960
21.171754
21.144586
21.117455
21.090361
21.063303
21.036281
21.009293
20.982341
20.955423
20.928538
20.901687
20.874868
20.848082
20.821327
20.794604
20.767911
20.741249
20.714617
20.688014
20.661440
20.634894
20.608376
20.581886
20.555422
20.528985
20.502574
20.476188
20.449828
20.423491
20.397179
20.370890
20.344625
20.318382
20.292161
20.265961
20.239783
20.213625
20.187488
20.161372
20.135279
20.109208
20.083162
20.057141
20.031145
20.005176
19.979234
19.953319
19.927434
19.901579
19.875754
19.849960
19.824199
19.798471
19.772776
19.747116
19.721492
19.695903
19.670352
19.644839
19.619365
19.593930
19.568536
19.543182
19.517871
19.492603
19.467378
19.442198
19.417063
19.391974
19.366933
19.341939
19.316993
19.292098
19.267252
19.242457
19.217715
19.193025
19.168388
19.143806
19.119279
19.094808
19.070394
19.046038
19.021740
18.997501
18.973323
18.949205
18.925149
18.901156
18.877226
18.853360
18.829559
18.805825
18.782156
18.758556
18.735023
18.711560
18.688167
18.664845
18.641594
18.618415
18.595310
18.572279
18.549323
18.526443
18.503639
18.480912
18.458264
18.435694
18.413205
18.390796
18.368468
18.346223
18.324061
18.301983
18.279990
18.258082
18.236261
18.214526
18.192880
18.171323
18.149855
18.128478
18.107192
18.085999
18.064898
18.043891
18.022979
18.002162
17.981442
17.960818
17.940292
17.919866
17.899538
17.879311
17.859185
17.839162
17.819241
17.799423
17.779710
17.760103
17.740601
17.721207
17.701920
17.682742
17.663673
17.644714
17.625867
17.607131
17.588508
17.569998
17.551603
17.533323
17.515159
17.497112
17.479182
17.461371
17.443679
17.426107
17.408656
17.391327
17.374120
17.357036
17.340077
17.323243
17.306535
17.289953
17.273499
17.257173
17.240976
17.224909
17.208973
17.193168
17.177496
17.161957
17.146552
17.131282
17.116147
17.101149
17.086289
17.071566
17.056983
17.042539
17.028236
17.014075
17.000055
16.986179
16.972446
16.958859
16.945417
16.932121
16.918972
16.905972
16.893120
16.880418
16.867866
16.855466
16.843218
16.831122
16.819181
16.807394
16.795762
16.784287
16.772969
16.761808
16.750806
16.739964
16.729282
16.718761
16.708403
16.698207
16.688174
16.678306
16.668603
16.659067
16.649697
16.640495
16.631462
16.622597
16.613904
16.605381
16.597030
16.588851
16.580846
16.573016
16.565360
16.557880
16.550577
16.543452
16.536505
16.529738
16.523150
16.516743
16.510518
16.504476
16.498616
16.492941
16.487451
16.482147
16.477029
16.472099
16.467357
16.462804
16.458441
16.454269
16.450288
16.446499
16.442904
16.439503
16.436297
16.433286
16.430472
16.427855
16.425436
16.423216
16.421196
16.419376
16.417758
16.416342
16.415129
16.414120
16.413316
16.412717
16.412324
16.412139
16.412162
16.412393
16.412834
16.413486
16.414348
16.415423
16.416711
16.418212
16.419928
16.421860
16.424007
16.426372
16.428954
16.431755
16.434776
16.438016
16.441478
16.445162
16.449069
16.453199
16.457553
16.462133
16.466939
16.471972
16.477232
16.482721
16.488439
16.494388
16.500567
16.506978
16.513622
16.520499
16.527611
16.534957
16.542539
16.550353
16.558399
16.566674
16.575177
16.583905
16.592858
16.602033
16.611429
16.621043
16.630875
16.640921
16.651181
16.661652
16.672333
16.683222
16.694318
16.705617
16.717119
16.728822
16.740724
16.752824
16.765118
16.777606
16.790286
16.803157
16.816215
16.829460
16.842889
16.856501
16.870295
16.884267
16.898417
16.912743
16.927243
16.941915
16.956757
16.971767
16.986945
17.002287
17.017792
17.033459
17.049285
17.065269
17.081409
17.097704
17.114150
17.130747
17.147493
17.164386
17.181424
17.198606
17.215929
17.233392
17.250993
17.268730
17.286602
17.304607
17.322742
17.341006
17.359398
17.377915
17.396555
17.415318
17.434201
17.453202
17.472319
17.491552
17.510897
17.530353
17.549919
17.569592
17.589371
17.609254
17.629239
17.649325
17.669509
17.689790
17.710166
17.730635
17.751196
17.771846
17.792584
17.813408
17.834316
17.855307
17.876378
17.897528
17.918755
17.940058
17.961434
17.982882
18.004399
18.025985
18.047637
18.069354
18.091133
18.112973
18.134872
18.156829
18.178841
18.200907
18.223025
18.245193
18.267410
18.289673
18.311981
18.334332
18.356724
18.379155
18.401624
18.424129
18.446668
18.469239
18.491841
18.514471
18.537128
18.559811
18.582516
18.605243
18.627990
18.650754
18.673535
18.696330
18.719137
18.741956
18.764783
18.787617
18.810457
18.833300
18.856145
18.878990
18.901833
18.924672
18.947506
18.970333
18.993151
19.015958
19.038752
19.061533
19.084296
19.107042
19.129769
19.152473
19.175154
19.197811
19.220440
19.243040
19.265610
19.288148
19.310651
19.333119
19.355549
19.377939
19.400288
19.422595
19.444856
19.467070
19.489237
19.511352
19.533416
19.555426
19.577381
19.599278
19.621116
19.642892
19.664606
19.686256
19.707839
19.729354
19.750799
19.772172
19.793471
19.814695
19.835843
19.856911
19.877898
19.898803
19.919624
19.940358
19.961005
19.981562
20.002027
20.022399
20.042676
20.062856
20.082938
20.102919
20.122798
20.142573
20.162242
20.181803
20.201255
20.220596
20.239824
20.258937
20.277933
20.296811
20.315569
20.334205
20.352717
20.371103
20.389362
20.407492
20.425491
20.443358
20.461090
20.478685
20.496143
20.513460
20.530636
20.547669
20.564556
20.581296
20.597887
20.614327
20.630615
20.646749
20.662727
20.678547
20.694207
20.709706
20.725042
20.740213
20.755217
20.770052
20.784717
20.799210
20.813528
20.827671
20.841637
20.855423
20.869028
20.882450
20.895687
20.908738
20.921601
20.934273
20.946754
20.959041
20.971132
20.983026
20.994721
21.006215
21.017507
21.028594
21.039474
21.050147
21.060610
21.070861
21.080899
21.090722
21.100328
21.109714
21.118881
21.127825
21.136544
21.145038
21.153304
21.161341
21.169146
21.176718
21.184056
21.191162
21.198036
21.204680
21.211096
21.217284
21.223246
21.228983
21.234496
21.239786
21.244855
21.249705
21.254335
21.258748
21.262945
21.266927
21.270696
21.274252
21.277596
21.280731
21.283657
21.286376
21.288889
21.291197
21.293301
21.295203
21.296903
21.298404
21.299707
21.300812
21.301721
21.302435
21.302955
21.303284
21.303421
21.303369
21.303128
21.302700
21.302086
21.301287
21.300304
21.299140
21.297794
21.296269
21.294566
21.292685
21.290628
21.288397
21.285992
21.283415
21.280668
21.277750
21.274665
21.271412
21.267993
21.264410
21.260664
21.256755
21.252686
21.248457
21.244070
21.239525
21.234825
21.229971
21.224963
21.219804
21.214493
21.209033
21.203425
21.197670
21.191769
21.185724
21.179536
21.173205
21.166735
21.160124
21.153376
21.146490
21.139469
21.132314
21.125026
21.117605
21.110055
21.102374
21.094566
21.086631
21.078571
21.070386
21.062078
21.053648
21.045098
21.036428
21.027641
21.018737
21.009717
21.000583
20.991337
20.981978
20.972509
20.962931
20.953245
20.943452
20.933554
20.923552
20.913447
20.903240
20.892933
20.882527
20.872023
20.861422
20.850726
20.839936
20.829053
20.818079
20.807014
20.795860
20.784619
20.773291
20.761877
20.750380
20.738800
20.727139
20.715397
20.703576
20.691678
20.679703
20.667653
20.655529
20.643332
20.631064
20.618726
20.606319
20.593845
20.581304
20.568697
20.556027
20.543295
20.530501
20.517647
20.504734
20.491764
20.478737
20.465655
20.452520
20.439332
20.426092
20.412803
20.399465
20.386080
20.372648
20.359171
20.345651
20.332088
20.318484
20.304840
20.291157
20.277437
20.263681
20.249890
20.236065
20.222208
20.208320
20.194402
20.180455
20.166481
20.152481
20.138456
20.124407
20.110337
20.096245
20.082133
20.068003
20.053855
20.039692
20.025514
20.011322
19.997118
19.982903
19.968679
19.954446
19.940206
19.925959
19.911709
19.897454
19.883198
19.868941
19.854684
19.840428
19.826176
19.811928
19.797685
19.783448
19.769220
19.755001
19.740792
19.726595
19.712411
19.698241
19.684087
19.669949
19.655829
19.641729
19.627649
19.613591
19.599555
19.585544
19.571559
19.557601
19.543670
19.529769
19.515898
19.502060
19.488254
19.474483
19.460747
19.447048
19.433387
19.419766
19.406185
19.392647
19.379151
19.365700
19.352295
19.338936
19.325626
19.312365
19.299155
19.285997
19.272892
19.259841
19.246847
19.233909
19.221030
19.208210
19.195451
19.182754
19.170120
19.157551
19.145048
19.132612
19.120244
19.107946
19.095719
19.083563
19.071482
19.059474
19.047543
19.035689
19.023913
19.012217
19.000602
18.989070
18.977620
18.966255
18.954977
18.943785
18.932682
18.921669
18.910747
18.899917
18.889181
18.878539
18.867993
18.857542
18.847185
18.836923
18.826754
18.816679
18.806696
18.796806
18.787009
18.777302
18.767687
18.758162
18.748728
18.739384
18.730128
18.720962
18.711885
18.702895
18.693993
18.685179
18.676451
18.667809
18.659253
18.650783
18.642398
18.634097
18.625881
18.617748
18.609699
18.601732
18.593848
18.586046
18.578325
18.570686
18.563127
18.555648
18.548249
18.540929
18.533689
18.526527
18.519442
18.512436
18.505507
18.498654
18.491878
18.485177
18.478552
18.472002
18.465527
18.459125
18.452798
18.446543
18.440362
18.434253
18.428215
18.422249
18.416355
18.410531
18.404777
18.399093
18.393478
18.387932
18.382454
18.377045
18.371703
18.366428
18.361220
18.356078
18.351002
18.345992
18.341046
18.336165
18.331348
18.326594
18.321904
18.317277
18.312712
18.308209
18.303767
18.299386
18.295066
18.290806
18.286606
18.282465
18.278383
18.274360
18.270394
18.266486
18.262635
18.258840
18.255102
18.251420
18.247793
18.244221
18.240703
18.237240
18.233830
18.230473
18.227169
18.223918
18.220718
18.217570
18.214472
18.211425
18.208429
18.205482
18.202584
18.199735
18.196934
18.194182
18.191477
18.188819
18.186207
18.183642
18.181123
18.178648
18.176219
18.173834
18.171494
18.169197
18.166942
18.164731
18.162562
18.160435
18.158349
18.156304
18.154300
18.152336
18.150411
18.148526
18.146679
18.144871
18.143100
18.141367
18.139672
18.138012
18.136389
18.134802
18.133250
18.131733
18.130250
18.128801
18.127386
18.126004
18.124654
18.123337
18.122051
18.120797
18.119574
18.118381
18.117219
18.116086
18.114982
18.113907
18.112860
18.111841
18.110850
18.109885
18.108947
18.108036
18.107150
18.106289
18.105453
18.104641
18.103854
18.103089
18.102348
18.101630
18.100934
18.100259
18.099606
18.098974
18.098362
18.097770
18.097198
18.096645
18.096111
18.095595
18.095096
18.094616
18.094152
18.093705
18.093273
18.092858
18.092457
18.092072
18.091701
18.091343
18.091000
18.090669
18.090351
18.090045
18.089750
18.089467
18.089195
18.088934
18.088682
18.088440
18.088207
18.087982
18.087766
18.087558
18.087357
18.087163
18.086975
18.086794
18.086618
18.086447
18.086282
18.086120
18.085962
18.085808
18.085657
18.085508
18.085362
18.085217
18.085073
18.084930
18.084788
18.084645
18.084503
18.084359
18.084214
18.084067
18.083917
18.083765
18.083610
18.083452
18.083289
18.083123
18.082951
18.082774
18.082591
18.082402
18.082207
18.082004
18.081794
18.081576
18.081350
18.081115
18.080871
18.080617
18.080353
18.080078
18.079793
18.079496
18.079188
18.078867
18.078533
18.078186
18.077826
18.077452
18.077063
18.076659
18.076240
18.075806
18.075355
18.074887
18.074402
18.073900
18.073380
18.072842
18.072285
18.071710
18.071117
18.070506
18.069878
18.069233
18.068571
18.067893
18.067199
18.066489
18.065764
18.065023
18.064268
18.063499
18.062715
18.061918
18.061107
18.060283
18.059446
18.058597
18.057735
18.056862
18.055977
18.055081
18.054174
18.053256
18.052328
18.051390
18.050443
18.049486
18.048520
18.047546
18.046563
18.045572
18.044573
18.043567
18.042554
18.041534
18.040508
18.039476
18.038438
18.037394
18.036345
18.035292
18.034234
18.033172
18.032105
18.031036
18.029963
18.028887
18.027809
18.026728
18.025645
18.024561
18.023475
18.022389
18.021302
18.020214
18.019126
18.018039
18.016952
18.015866
18.014782
18.013699
18.012618
18.011539
18.010463
18.009389
18.008319
18.007252
18.006189
18.005130
18.004075
18.003026
18.001981
18.000942
17.999908
17.998881
17.997860
17.996846
17.995838
17.994838
17.993846
17.992861
17.991885
17.990918
17.989959
17.989010
17.988070
17.987140
17.986220
17.985311
17.984413
17.983526
17.982650
17.981786
17.980935
17.980095
17.979269
17.978456
17.977656
17.976869
17.976097
17.975339
17.974596
17.973868
17.973155
17.972458
17.971777
17.971112
17.970463
17.969832
17.969218
17.968621
17.968042
17.967482
17.966940
17.966417
17.965913
17.965428
17.964964
17.964519
17.964095
17.963692
17.963309
17.962949
17.962610
17.962292
17.961998
17.961726
17.961477
17.961251
17.961049
17.960871
17.960717
17.960588
17.960484
17.960405
17.960351
17.960324
17.960322
17.960348
17.960400
17.960479
17.960586
17.960720
17.960883
17.961074
17.961293
17.961542
17.961821
17.962129
17.962467
17.962835
17.963234
17.963664
17.964126
17.964619
17.965144
17.965701
17.966291
17.966914
17.967570
17.968260
17.968984
17.969742
17.970534
17.971361
17.972223
17.973121
17.974055
17.975024
17.976031
17.977074
17.978154
17.979271
17.980426
17.981619
17.982851
17.984121
17.985430
17.986779
17.988167
17.989595
17.991064
17.992573
17.994123
17.995714
17.997347
17.999022
18.000738
18.002498
18.004300
18.006145
18.008034
18.009967
18.011944
18.013965
18.016031
18.018142
18.020299
18.022501
18.024749
18.027044
18.029385
18.031774
18.034209
18.036693
18.039224
18.041803
18.044432
18.047109
18.049835
18.052611
18.055437
18.058313
18.061239
18.064216
18.067245
18.070325
18.073457
18.076640
18.079877
18.083166
18.086508
18.089904
18.093353
18.096856
18.100414
18.104026
18.107694
18.111417
18.115195
18.119029
18.122920
18.126867
18.130871
18.134932
18.139051
18.143228
18.147463
18.151757
18.156109
18.160521
18.164992
18.169522
18.174113
18.178765
18.183477
18.188250
18.193085
18.197981
18.202940
18.207960
18.213044
18.218190
18.223400
18.228673
18.234011
18.239412
18.244878
18.250410
18.256006
18.261666
18.267390
18.273176
18.279025
18.284935
18.290905
18.296936
18.303025
18.309173
18.315379
18.321642
18.327960
18.334335
18.340764
18.347247
18.353783
18.360372
18.367013
18.373705
18.380447
18.387239
18.394079
18.400968
18.407905
18.414888
18.421917
18.428991
18.436110
18.443273
18.450478
18.457726
18.465016
18.472347
18.479717
18.487128
18.494576
18.502063
18.509587
18.517148
18.524744
18.532375
18.540041
18.547740
18.555472
18.563236
18.571032
18.578858
18.586714
18.594599
18.602513
18.610455
18.618423
18.626418
18.634438
18.642483
18.650553
18.658645
18.666761
18.674898
18.683056
18.691235
18.699433
18.707650
18.715886
18.724139
18.732409
18.740695
18.748996
18.757312
18.765642
18.773985
18.782340
18.790707
18.799085
18.807473
18.815871
18.824277
18.832691
18.841113
18.849541
18.857975
18.866414
18.874858
18.883305
18.891755
18.900207
18.908661
18.917115
18.925570
18.934023
18.942476
18.950926
18.959373
18.967816
18.976255
18.984689
18.993117
19.001538
19.009952
19.018358
19.026756
19.035144
19.043521
19.051888
19.060243
19.068585
19.076914
19.085230
19.093531
19.101816
19.110085
19.118338
19.126573
19.134790
19.142988
19.151166
19.159323
19.167460
19.175574
19.183666
19.191735
19.199779
19.207799
19.215793
19.223760
19.231701
19.239614
19.247498
19.255353
19.263179
19.270973
19.278736
19.286467
19.294165
19.301830
19.309460
19.317055
19.324615
19.332137
19.339623
19.347071
19.354480
19.361849
19.369178
19.376467
19.383713
19.390918
19.398079
19.405196
19.412269
19.419297
19.426279
19.433214
19.440101
19.446940
19.453730
19.460471
19.467161
19.473800
19.480388
19.486922
19.493404
19.499831
19.506203
19.512520
19.518781
19.524985
19.531131
19.537219
19.543247
19.549216
19.555124
19.560971
19.566755
19.572477
19.578135
19.583729
19.589258
19.594722
19.600118
19.605448
19.610710
19.615903
19.621026
19.626080
19.631063
19.635974
19.640813
19.645579
19.650271
19.654888
19.659431
19.663897
19.668287
19.672599
19.676833
19.680989
19.685064
19.689060
19.692974
19.696807
19.700557
19.704223
19.707806
19.711304
19.714717
19.718043
19.721283
19.724435
19.727498
19.730473
19.733357
19.736151
19.738854
19.741465
19.743983
19.746408
19.748738
19.750973
19.753113
19.755156
19.757103
19.758951
19.760701
19.762351
19.763902
19.765352
19.766700
19.767946
19.769089
19.770128
19.771063
19.771892
19.772616
19.773233
19.773743
19.774145
19.774438
19.774621
19.774694
19.774656
19.774507
19.774245
19.773870
19.773380
19.772777
19.772057
19.771222
19.770270
19.769200
19.768012
19.766705
19.765278
19.763731
19.762063
19.760272
19.758359
19.756322
19.754162
19.751876
19.749465
19.746928
19.744266
19.741479
19.738569
19.735536
19.732381
19.729106
19.725710
19.722194
19.718560
19.714808
19.710939
19.706954
19.702854
19.698639
19.694311
19.689869
19.685316
19.680651
19.675876
19.670991
19.665998
19.660896
19.655688
19.650373
19.644953
19.639428
19.633799
19.628067
19.622233
19.616298
19.610262
19.604126
19.597891
19.591558
19.585128
19.578602
19.571980
19.565263
19.558452
19.551547
19.544551
19.537463
19.530284
19.523015
19.515657
19.508211
19.500678
19.493058
19.485352
19.477561
19.469686
19.461727
19.453687
19.445564
19.437360
19.429077
19.420714
19.412273
19.403754
19.395159
19.386487
19.377740
19.368919
19.360025
19.351058
19.342019
19.332909
19.323728
19.314479
19.305161
19.295775
19.286322
19.276803
19.267218
19.257570
19.247857
19.238082
19.228245
19.218346
19.208387
19.198369
19.188292
19.178157
19.167965
19.157716
19.147412
19.137054
19.126642
19.116176
19.105659
19.095090
19.084471
19.073802
19.063084
19.052318
19.041505
19.030645
19.019740
19.008790
18.997796
18.986759
18.975680
18.964559
18.953397
18.942195
18.930955
18.919676
18.908360
18.897007
18.885619
18.874195
18.862738
18.851247
18.839724
18.828169
18.816583
18.804967
18.793322
18.781648
18.769947
18.758220
18.746466
18.734687
18.722884
18.711058
18.699209
18.687338
18.675446
18.663534
18.651602
18.639652
18.627685
18.615700
18.603699
18.591683
18.579653
18.567609
18.555552
18.543484
18.531404
18.519313
18.507214
18.495105
18.482989
18.470866
18.458736
18.446601
18.434462
18.422318
18.410172
18.398024
18.385874
18.373724
18.361574
18.349425
18.337278
18.325134
18.312994
18.300858
18.288727
18.276603
18.264485
18.252375
18.240274
18.228182
18.216100
18.204029
18.191970
18.179923
18.167890
18.155872
18.143868
18.131880
18.119909
18.107956
18.096021
18.084105
18.072209
18.060334
18.048481
18.036650
18.024843
18.013059
18.001301
17.989568
17.977862
17.966183
17.954533
17.942912
17.931320
17.919759
17.908230
17.896733
17.885269
17.873839
17.862444
17.851084
17.839761
17.828475
17.817227
17.806018
17.794849
17.783720
17.772633
17.761588
17.750586
17.739627
17.728713
17.717845
17.707023
17.696248
17.685521
17.674843
17.664214
17.653636
17.643109
17.632633
17.622211
17.611842
17.601528
17.591269
17.581066
17.570921
17.560832
17.550803
17.540833
17.530923
17.521074
17.511287
17.501562
17.491902
17.482305
17.472774
17.463308
17.453909
17.444578
17.435316
17.426122
17.416999
17.407946
17.398966
17.390057
17.381222
17.372462
17.363776
17.355166
17.346633
17.338177
17.329799
17.321500
17.313282
17.305144
17.297087
17.289113
17.281222
17.273416
17.265694
17.258057
17.250507
17.243045
17.235670
17.228384
17.221186
17.214076
17.207053
17.200116
17.193265
17.186499
17.179818
17.173221
17.166708
17.160278
17.153930
17.147665
17.141481
17.135377
17.129354
17.123411
17.117546
17.111760
17.106053
17.100423
17.094869
17.089392
17.083991
17.078665
17.073413
17.068236
17.063132
17.058102
17.053143
17.048257
17.043442
17.038697
17.034023
17.029418
17.024882
17.020415
17.016016
17.011684
17.007419
17.003220
16.999087
16.995019
16.991015
16.987076
16.983200
16.979386
16.975636
16.971946
16.968319
16.964751
16.961244
16.957796
16.954408
16.951077
16.947805
16.944589
16.941431
16.938328
16.935281
16.932290
16.929352
16.926469
16.923639
16.920861
16.918136
16.915463
16.912840
16.910269
16.907747
16.905274
16.902851
16.900475
16.898148
16.895868
16.893634
16.891446
16.889304
16.887207
16.885154
16.883144
16.881179
16.879255
16.877374
16.875535
16.873736
16.871978
16.870260
16.868581
16.866941
16.865339
16.863775
16.862248
16.860757
16.859302
16.857883
16.856499
16.855148
16.853832
16.852548
16.851298
16.850079
16.848892
16.847735
16.846609
16.845513
16.844446
16.843408
16.842397
16.841415
16.840459
16.839530
16.838626
16.837748
16.836895
16.836065
16.835260
16.834477
16.833717
16.832979
16.832262
16.831566
16.830891
16.830235
16.829598
16.828979
16.828379
16.827796
16.827230
16.826681
16.826147
16.825628
16.825124
16.824634
16.824157
16.823694
16.823243
16.822804
16.822376
16.821958
16.821551
16.821154
16.820765
16.820385
16.820013
16.819648
16.819290
16.818939
16.818593
16.818252
16.817915
16.817583
16.817254
16.816928
16.816604
16.816282
16.815961
16.815641
16.815320
16.815000
16.814678
16.814355
16.814029
16.813701
16.813369
16.813033
16.812693
16.812349
16.811998
16.811641
16.811278
16.810908
16.810529
16.810143
16.809747
16.809342
16.808927
16.808501
16.808065
16.807616
16.807155
16.806682
16.806195
16.805694
16.805178
16.804647
16.804101
16.803539
16.802959
16.802363
16.801748
16.801115
16.800463
16.799792
16.799100
16.798388
16.797654
16.796899
16.796121
16.795321
16.794496
16.793648
16.792775
16.791877
16.790953
16.790003
16.789026
16.788022
16.786990
16.785929
16.784839
16.783719
16.782569
16.781388
16.780176
16.778932
16.777656
16.776347
16.775004
16.773626
16.772214
16.770767
16.769284
16.767765
16.766208
16.764615
16.762983
16.761312
16.759602
16.757853
16.756063
16.754232
16.752360
16.750445
16.748489
16.746489
16.744445
16.742357
16.740224
16.738046
16.735822
16.733552
16.731234
16.728869
16.726456
16.723994
16.721483
16.718921
16.716310
16.713647
16.710933
16.708167
16.705348
16.702476
16.699550
16.696570
16.693534
16.690444
16.687297
16.684094
16.680833
16.677515
16.674139
16.670705
16.667214
16.663667
16.660063
16.656403
16.652687
16.648917
16.645093
16.641214
16.637282
16.633296
16.629258
16.625168
16.621026
16.616833
16.612589
16.608295
16.603951
16.599557
16.595114
16.590623
16.586084
16.581497
16.576863
16.572182
16.567455
16.562682
16.557864
16.553001
16.548094
16.543142
16.538148
16.533110
16.528029
16.522906
16.517742
16.512536
16.507290
16.502003
16.496677
16.491311
16.485906
16.480463
16.474981
16.469462
16.463906
16.458314
16.452685
16.447020
16.441320
16.435585
16.429816
16.424013
16.418177
16.412307
16.406405
16.400471
16.394505
16.388508
16.382480
16.376422
16.370335
16.364218
16.358072
16.351897
16.345695
16.339465
16.333208
16.326924
16.320614
16.314279
16.307918
16.301533
16.295123
16.288689
16.282232
16.275752
16.269250
16.262725
16.256179
16.249612
16.243024
16.236415
16.229788
16.223140
16.216474
16.209790
16.203087
16.196367
16.189631
16.182877
16.176108
16.169322
16.162522
16.155707
16.148877
16.142034
16.135178
16.128308
16.121426
16.114532
16.107627
16.100710
16.093783
16.086846
16.079899
16.072942
16.065977
16.059004
16.052022
16.045034
16.038038
16.031036
16.024027
16.017013
16.009994
16.002971
15.995943
15.988911
15.981876
15.974838
15.967798
15.960755
15.953712
15.946667
15.939622
15.932576
15.925531
15.918487
15.911444
15.904402
15.897363
15.890326
15.883293
15.876263
15.869237
15.862215
15.855199
15.848187
15.841182
15.834183
15.827190
15.820205
15.813227
15.806258
15.799297
15.792345
15.785403
15.778470
15.771548
15.764637
15.757737
15.750848
15.743972
15.737109
15.730259
15.723422
15.716600
15.709791
15.702998
15.696220
15.689459
15.682713
15.675984
15.669273
15.662579
15.655903
15.649246
15.642608
15.635989
15.629391
15.622813
15.616256
15.609720
15.603206
15.596714
15.590245
15.583799
15.577377
15.570978
15.564605
15.558256
15.551933
15.545636
15.539365
15.533121
15.526904
15.520715
15.514554
15.508422
15.502319
15.496245
15.490202
15.484189
15.478207
15.472256
15.466337
15.460451
15.454597
15.448776
15.442989
15.437237
15.431519
15.425836
15.420188
15.414576
15.409001
15.403463
15.397962
15.392499
15.387074
15.381688
15.376341
15.371033
15.365766
15.360539
15.355353
15.350209
15.345106
15.340046
15.335028
15.330054
15.325124
15.320238
15.315396
15.310600
15.305849
15.301144
15.296486
15.291874
15.287310
15.282794
15.278326
15.273907
15.269537
15.265216
15.260946
15.256726
15.252558
15.248441
15.244375
15.240363
15.236403
15.232496
15.228643
15.224845
15.221101
15.217412
15.213779
15.210202
15.206681
15.203218
15.199812
15.196463
15.193173
15.189942
15.186770
15.183658
15.180606
15.177615
15.174684
15.171815
15.169008
15.166261
15.163574
15.160948
15.158382
15.155875
15.153428
15.151040
15.148710
15.146439
15.144226
15.142071
15.139973
15.137933
15.135949
15.134022
15.132152
15.130337
15.128578
15.126874
15.125226
15.123632
15.122093
15.120607
15.119176
15.117798
15.116474
15.115202
15.113983
15.112817
15.111702
15.110639
15.109628
15.108668
15.107758
15.106899
15.106091
15.105332
15.104623
15.103963
15.103352
15.102789
15.102276
15.101810
15.101392
15.101021
15.100698
15.100421
15.100192
15.100008
15.099870
15.099778
15.099731
15.099730
15.099773
15.099860
15.099992
15.100167
15.100386
15.100649
15.100954
15.101301
15.101692
15.102124
15.102597
15.103112
15.103669
15.104266
15.104903
15.105581
15.106298
15.107056
15.107852
15.108687
15.109561
15.110474
15.111424
15.112412
15.113438
15.114501
15.115600
15.116736
15.117909
15.119117
15.120361
15.121640
15.122954
15.124303
15.125687
15.127104
15.128555
15.130040
15.131558
15.133109
15.134692
15.136308
15.137956
15.139635
15.141345
15.143087
15.144860
15.146663
15.148496
15.150359
15.152251
15.154173
15.156123
15.158103
15.160110
15.162146
15.164209
15.166300
15.168418
15.170563
15.172734
15.174931
15.177154
15.179403
15.181677
15.183977
15.186300
15.188648
15.191021
15.193417
15.195836
15.198279
15.200744
15.203232
15.205743
15.208275
15.210829
15.213404
15.216000
15.218617
15.221254
15.223912
15.226589
15.229286
15.232002
15.234737
15.237490
15.240262
15.243052
15.245860
15.248684
15.251526
15.254385
15.257260
15.260152
15.263059
15.265982
15.268920
15.271873
15.274840
15.277822
15.280819
15.283828
15.286851
15.289888
15.292937
15.295999
15.299072
15.302158
15.305256
15.308364
15.311484
15.314615
15.317755
15.320906
15.324067
15.327237
15.330416
15.333605
15.336801
15.340006
15.343219
15.346440
15.349668
15.352903
15.356145
15.359393
15.362647
15.365908
15.369173
15.372444
15.375720
15.379001
15.382285
15.385574
15.388867
15.392163
15.395462
15.398764
15.402068
15.405374
15.408683
15.411993
15.415304
15.418616
15.421929
15.425242
15.428555
15.431868
15.435181
15.438492
15.441803
15.445112
15.448419
15.451724
15.455027
15.458327
15.461624
15.464918
15.468208
15.471495
15.474777
15.478055
15.481327
15.484595
15.487858
15.491114
15.494365
15.497609
15.500847
15.504077
15.507301
15.510517
15.513725
15.516925
15.520116
15.523299
15.526473
15.529637
15.532792
15.535936
15.539071
15.542194
15.545307
15.548409
15.551499
15.554578
15.557644
15.560698
15.563739
15.566767
15.569782
15.572783
15.575771
15.578744
15.581702
15.584646
15.587575
15.590488
15.593385
15.596267
15.599132
15.601980
15.604812
15.607626
15.610422
15.613201
15.615961
15.618704
15.621429
15.624136
15.626825
15.629497
15.632151
15.634788
15.637408
15.640012
15.642598
15.645168
15.647721
15.650257
15.652778
15.655282
15.657770
15.660242
15.662699
15.665140
15.667565
15.669975
15.672369
15.674749
15.677114
15.679463
15.681798
15.684119
15.686425
15.688716
15.690994
15.693257
15.695506
15.697742
15.699964
15.702172
15.704367
15.706549
15.708718
15.710874
15.713016
15.715146
15.717264
15.719369
15.721461
15.723541
15.725610
15.727666
15.729710
15.731743
15.733765
15.735774
15.737773
15.739760
15.741737
15.743702
15.745657
15.747601
15.749534
15.751457
15.753370
15.755273
15.757166
15.759049
15.760922
15.762786
15.764640
15.766485
15.768321
15.770148
15.771965
15.773774
15.775575
15.777367
15.779150
15.780925
15.782692
15.784451
15.786202
15.787946
15.789682
15.791410
15.793131
15.794845
15.796551
15.798251
15.799944
15.801631
15.803310
15.804984
15.806651
15.808312
15.809966
15.811615
15.813259
15.814896
15.816528
15.818155
15.819777
15.821393
15.823005
15.824611
15.826213
15.827810
15.829403
15.830992
15.832576
15.834157
15.835733
15.837306
15.838875
15.840441
15.842003
15.843562
15.845117
15.846670
15.848220
15.849767
15.851312
15.852854
15.854394
15.855932
15.857467
15.859001
15.860533
15.862063
15.863591
15.865119
15.866644
15.868169
15.869693
15.871216
15.872738
15.874260
15.875781
15.877301
15.878822
15.880342
15.881863
15.883383
15.884904
15.886426
15.887947
15.889470
15.890994
15.892518
15.894043
15.895570
15.897098
15.898628
15.900159
15.901692
15.903227
15.904764
15.906303
15.907844
15.909388
15.910934
15.912483
15.914035
15.915590
15.917148
15.918709
15.920273
15.921841
15.923412
15.924988
15.926567
15.928150
15.929737
15.931328
15.932924
15.934524
15.936129
15.937739
15.939354
15.940974
15.942598
15.944229
15.945864
15.947506
15.949153
15.950806
15.952464
15.954129
15.955800
15.957478
15.959162
15.960853
15.962550
15.964254
15.965966
15.967684
15.969410
15.971143
15.972884
15.974633
15.976389
15.978153
15.979926
15.981706
15.983495
15.985292
15.987098
15.988913
15.990737
15.992569
15.994411
15.996262
15.998123
15.999993
16.001872
16.003762
16.005661
16.007571
16.009490
16.011420
16.013361
16.015312
16.017273
16.019246
16.021229
16.023224
16.025230
16.027247
16.029276
16.031316
16.033369
16.035433
16.037509
16.039597
16.041698
16.043811
16.045937
16.048075
16.050226
16.052390
16.054568
16.056758
16.058962
16.061179
16.063410
16.065655
16.067913
16.070186
16.072473
16.074774
16.077089
16.079419
16.081764
16.084123
16.086498
16.088887
16.091292
16.093712
16.096147
16.098598
16.101065
16.103548
16.106046
16.108561
16.111092
16.113639
16.116203
16.118784
16.121381
16.123996
16.126627
16.129275
16.131941
16.134625
16.137325
16.140044
16.142780
16.145535
16.148307
16.151098
16.153907
16.156735
16.159581
16.162446
16.165330
16.168232
16.171154
16.174096
16.177057
16.180037
16.183037
16.186057
16.189096
16.192156
16.195236
16.198337
16.201458
16.204599
16.207761
16.210944
16.214148
16.217374
16.220620
16.223888
16.227177
16.230488
16.233821
16.237176
16.240553
16.243952
16.247373
16.250817
16.254284
16.257773
16.261285
16.264820
16.268378
16.271959
16.275564
16.279192
16.282844
16.286519
16.290219
16.293942
16.297690
16.301462
16.305258
16.309079
16.312925
16.316796
16.320691
16.324612
16.328557
16.332528
16.336525
16.340547
16.344595
16.348669
16.352769
16.356895
16.361047
16.365226
16.369431
16.373663
16.377922
16.382208
16.386520
16.390860
16.395227
16.399622
16.404044
16.408494
16.412972
16.417478
16.422012
16.426574
16.431165
16.435784
16.440432
16.445109
16.449814
16.454549
16.459312
16.464105
16.468928
16.473780
16.478662
16.483573
16.488515
16.493486
16.498488
16.503520
16.508583
16.513676
16.518801
16.523956
16.529142
16.534359
16.539607
16.544887
16.550199
16.555542
16.560917
16.566323
16.571762
16.577233
16.582737
16.588273
16.593841
16.599443
16.605077
16.610744
16.616444
16.622178
16.627945
16.633745
16.639579
16.645447
16.651349
16.657285
16.663255
16.669259
16.675298
16.681372
16.687480
16.693623
16.699801
16.706014
16.712262
16.718546
16.724865
16.731220
16.737610
16.744037
16.750499
16.756998
16.763533
16.770104
16.776712
16.783357
16.790038
16.796757
16.803512
16.810305
16.817135
16.824003
16.830908
16.837851
16.844831
16.851850
16.858907
16.866002
16.873136
16.880308
16.887519
16.894769
16.902057
16.909385
16.916751
16.924158
16.931603
16.939088
16.946613
16.954178
16.961783
16.969427
16.977113
16.984838
16.992604
17.000411
17.008258
17.016146
17.024076
17.032046
17.040058
17.048111
17.056206
17.064343
17.072521
17.080741
17.089004
17.097308
17.105655
17.114045
17.122477
17.130952
17.139470
17.148030
17.156634
17.165281
17.173972
17.182706
17.191484
17.200306
17.209171
17.218081
17.227035
17.236033
17.245076
17.254163
17.263295
17.272472
17.281693
17.290960
17.300273
17.309630
17.319033
17.328482
17.337977
17.347517
17.357104
17.366737
17.376416
17.386141
17.395913
17.405732
17.415597
17.425510
17.435470
17.445477
17.455531
17.465633
17.475782
17.485979
17.496224
17.506517
17.516859
17.527248
17.537686
17.548173
17.558708
17.569292
17.579925
17.590607
17.601338
17.612119
17.622949
17.633829
17.644758
17.655737
17.666767
17.677846
17.688976
17.700156
17.711387
17.722668
